0.47143658790724907
0.5087295911776365
0.3090837778770077
0.11105657858713058
0.34655282661936737
0.32653238876946866
0.5865627508468516
0.8739623132698092
0.8290114157564171
0.5151484552877574
0.06632555412789387
0.0517319106411086
0.4429006155574675
0.7879520570547801
0.5189998555985257
0.004418655959179674
0.8226710681808966
0.3669205463871553
0.6885071938343174
0.9234122140325064
0.6362942364123763
0.23325607807552828
0.0234652627563251
0.4131264851960478
0.3880773660532161
0.4787374341345183
0.30482375857653454
0.6563363572828526
0.10547809157437438
0.7551024013360712
0.10563596483325788
0.07935892763367725
0.7939279247948177
0.26347731059164503
0.5639258822052707
0.264048470500691
0.47689562440720146
0.7449892633871315
0.0064556577352071765
0.7951823120594893
0.23474212719802223
0.6405271885913948
0.09306833512349988
0.7531318487310875
0.5342448761587416
0.13551818330986576
0.35090035188129476
0.7946218309669124
0.07109484119443554
0.9771055991208357
0.20855965763118722
0.11600691812264319
0.5830708944635707
0.39572271949634497
0.8966307801938806
0.48503165595077025
0.7579331619294242
0.31907656758476244
0.9875180733260769
0.9425020382574233
0.09110888466441247
0.6662327641257739
0.8369213682587519
0.8014499963780848
0.2272962454852545
0.6048245783847845
0.04394006824648666
0.6689242929713622
0.35271055747044266
0.2127343199109034
0.6813543557543308
0.45205168203763313
0.5106108740667766
0.1093549580263431
0.7155756716742331
0.8297138955536466
0.07389802038371551
0.7259766991998708
0.8458187975251564
0.0003186051496787412
0.16236263100102943
0.4637682998909274
0.5143794617737696
0.5349426019951478
0.9010978850263606
0.653361900390274
0.7865238160804978
0.11693904436644531
0.5046460394805949
0.6787574061226495
0.08220633590650395
0.9654441066521258
0.9025432479608299
0.4740999543196681
0.12955733127778968
0.6559997309484125
0.24656540472787625
0.900506124413336
0.9745441160065161
0.2094478538545954

