Jones Tom 94 99 96 74 56 33 65 89 87 85
Thompson Frank 67 58 86 95 47 86 79 64 76 45
Jackson Tom 95 97 94 87 67 84 99 45 99 87
Jackson Michael 43 23 34 77 64 35 89 56 75 85
Johnson Sara 84 93 64 57 89 99 74 64 75 35
Colt Josh 84 93 64 57 70 99 74 63.5 75 35
Freeman Michael 67 58 86 95 47 86 79 64 76 45
Vick Schaub 43 23 34 77 64 35 89 56 75 85
Philip Rivers 94 99 96 74 56 33 65 89 87 85
Matt Hassel 87 78 86 95 47 86 79 64.75 76 45
beck Jimmy 43 86 34 77 64 35 89 56 75 85
Clausen Joe 74 93 64 57 70 99 74 67 75 35 91
Flacco Kyle 94 99 96 74 56 78 65 89 87 85
Orton Jason 80 75 96 74 56 33.5 65 89 87 85
